2019.03.07.14.05.41
18
0.005167771366850597
INPUT LAYER
HIDDEN LAYER
-6.6449753429777685
-6.331264946668032
-0.20991684416096135
-0.33427381003498163
-1.0908296201423429
-0.9887784851950147
0.918522493219808
2.211500998267388
1.3503466340049757
0.19460804949674082
0.03172385767518119
-0.44815129830379913
0.07778059343697592
0.1726482595653862
-0.42679543523590746
-0.6167563779129165
0.9366320754084193
0.9078808657937407
-0.2843234160424927
0.6655187462156393
0.6233977030708264
-3.370832597522103
-2.250597845475498
0.9893779523733589
-1.4607356255828814
-1.5309374522464476
-0.5362064679850275
-0.9589400399956025
-2.24466075260436
-2.0670745882329102
-0.17265982967566504
-0.2090193248386708
0.19334829999671949
-0.4274179151078044
-0.7177587661592519
-1.5054040156555542
-0.3597922938730318
0.27968076971041905
2.4462673371769723
0.6359527338123983
1.123882929552442
0.6819410371237915
-1.4415254168671405
0.17221799496605522
0.16301816824544998
1.0830579555310136
-0.3474474412656427
-0.4915558764983882
0.36368816113296765
2.5438816459692117
2.278397668485906
0.15739388607556096
0.15478227783577742
-0.089461863503037
0.537955745081729
0.7975628969169106
4.024919209245705
-0.1854890336016452
-0.9852702621674042
-5.517293522253104
0.832067936854399
-2.1199603571906085
-0.3715667693271507
-2.4217819778071106
1.4751813415265462
-0.28383428223424917
-0.6167919596678789
-0.7128176041432419
-0.12984910655313103
0.603764529551372
-1.1863983714559634
2.309753046147307
0.1363557630478172
0.39928826739310835
1.0810398120306703
-0.6705743644527753
-0.023763690211660027
-2.9435506789932937
-3.5300837762977997
-0.19761901460456907
-0.2600541869056225
-0.8207491562778753
-1.360654704440624
-0.14884775974154585
-1.5621681816106883
-0.7335347656424989
0.434421284044168
2.3057140830806895
-0.4303531720192633
0.3920722136342241
0.39671196955585053
-2.1825894189405206
2.069622165272521
-0.2835292637173133
-0.7738593599647101
-0.39756546428986406
-0.6022198839378788
0.09092307321780768
-0.012143782682041061
-0.2663673999578967
-1.140644191058488
-0.563842449853694
0.9815245681792086
0.2555044804686935
0.6687588753638707
-4.381983703597246
-3.6044758182991106
-0.19478105219974826
-0.24308168081423565
-0.5802376040130778
-0.1608806242439834
0.05302578474391373
0.22248748236290425
0.6763364346075434
-1.5370658920853337
7.96910895747453
0.4310929903505195
0.1894391770008504
0.0349125639525969
-1.9928612400298173
0.8990549016954069
0.23360245138286043
2.055116634929363
-0.1377913616915353
1.5102489288248535
-0.9950706240604348
OUTPUT LAYER
-5.093106130735698
1.6878958985315773
-0.06283168835093778
-3.3150097370922382
-2.9667208021790517
0.9997845195592702
0.712057684398659
2.8155586950310454
-4.113648672137502
-2.6195486420731062
0.31876147664498683
-3.8197393801701796
0.7528739081346947
-4.0619713480336195
-0.6254055186744772
-3.9248078007019354
4.0674771103547025
1.236896681097881
-0.9043628984506293
